Blinker:
5 5 3 2 3 3 3 4 -1

Gleiter
50 70 11 12 12 13 13 11 13 12 13 13 -1

kleines Spaceship
50 70 11 12 11 13 11 14 11 15 12 11 12 15 13 15 14 11 14 14 -1

Pentadecathlon
50 70 11 13 11 18 13 13 13 18 12 11 12 12 12 14 12 15 12 16 12 17 12 19 12 20 -1

Octagon
50 70 11 14 11 15 12 13 12 16 13 12 13 17 14 11 14 18 15 11 15 18 16 12 16 17 17 13 17 16 18 14 18 15 -1


Gleiter + Spaceship
50 70 11 12 12 13 13 11 13 12 13 13  31 12 31 13 31 14 31 15 32 11 32 15 33 15 34 11 34 14 -1



Pentadecathlon + Spaceship
50 70 11 13 11 18 13 13 13 18 12 11 12 12 12 14 12 15 12 16 12 17 12 19 12 20  31 12 31 13 31 14 31 15 32 11 32 15 33 15 34 11 34 14 -1



carsten

30 50 12 12 13 12 14 12 15 12 15 13 15 14 16 13 14 13 16 15 16 16 16 17 15 15 14 16 13 17 12 16 13 15 -1